RandomForestClassifier(bootstrap=True, class_weight=None, criterion='gini',
            max_depth=None, max_features='auto', max_leaf_nodes=None,
            min_samples_leaf=1, min_samples_split=2,
            min_weight_fraction_leaf=0.0, n_estimators=25, n_jobs=1,
            oob_score=False, random_state=None, verbose=0,
            warm_start=False)
[[ 0.4         0.2         0.4       ]
 [ 0.32        0.24        0.44      ]
 [ 0.47        0.18666667  0.34333333]
 [ 0.5252381   0.28        0.1947619 ]
 [ 0.12        0.2         0.68      ]
 [ 0.31044444  0.64955556  0.04      ]
 [ 0.12        0.32        0.56      ]
 [ 0.12        0.52        0.36      ]
 [ 0.42        0.26        0.32      ]
 [ 0.64666667  0.29333333  0.06      ]
 [ 0.2         0.6         0.2       ]
 [ 0.52666667  0.46666667  0.00666667]
 [ 0.04        0.28        0.68      ]
 [ 0.44        0.44        0.12      ]
 [ 0.44        0.44        0.12      ]
 [ 0.6         0.24        0.16      ]
 [ 0.36        0.2         0.44      ]
 [ 0.37        0.55        0.08      ]
 [ 0.32        0.48        0.2       ]
 [ 0.38933333  0.4         0.21066667]
 [ 0.34        0.26        0.4       ]
 [ 0.12        0.04        0.84      ]
 [ 0.12        0.12        0.76      ]
 [ 0.92        0.          0.08      ]
 [ 0.34        0.42        0.24      ]
 [ 0.26363636  0.66545455  0.07090909]
 [ 0.29        0.47        0.24      ]
 [ 0.16        0.56        0.28      ]
 [ 0.74000866  0.23765368  0.02233766]
 [ 0.08        0.76        0.16      ]
 [ 0.28        0.33222222  0.38777778]
 [ 0.          0.89006349  0.10993651]
 [ 0.6         0.12        0.28      ]
 [ 0.36751515  0.19890909  0.43357576]
 [ 0.40380952  0.19321429  0.40297619]
 [ 0.42        0.48        0.1       ]
 [ 0.          0.4         0.6       ]
 [ 0.2         0.52        0.28      ]
 [ 0.16952381  0.59047619  0.24      ]
 [ 0.2         0.          0.8       ]
 [ 0.36        0.2         0.44      ]
 [ 0.2         0.12        0.68      ]
 [ 0.48        0.48        0.04      ]
 [ 0.28        0.28        0.44      ]
 [ 0.2         0.6         0.2       ]
 [ 0.32        0.16        0.52      ]
 [ 0.71939394  0.1369697   0.14363636]
 [ 0.2         0.2         0.6       ]
 [ 0.24        0.36        0.4       ]
 [ 0.42        0.17        0.41      ]
 [ 0.24        0.28        0.48      ]
 [ 0.48        0.4         0.12      ]
 [ 0.28        0.6         0.12      ]
 [ 0.6         0.24        0.16      ]
 [ 0.48        0.32        0.2       ]
 [ 0.12        0.2         0.68      ]
 [ 0.4         0.36        0.24      ]
 [ 0.39        0.21        0.4       ]
 [ 0.45333333  0.35733333  0.18933333]
 [ 0.36        0.12        0.52      ]
 [ 0.494       0.146       0.36      ]
 [ 0.32        0.2         0.48      ]
 [ 0.14666667  0.47333333  0.38      ]
 [ 0.56533333  0.30733333  0.12733333]
 [ 0.29333333  0.36        0.34666667]
 [ 0.24        0.44        0.32      ]
 [ 0.28        0.32        0.4       ]
 [ 0.16952381  0.55047619  0.28      ]
 [ 0.63319048  0.36680952  0.        ]
 [ 0.40666667  0.51333333  0.08      ]
 [ 0.2         0.6         0.2       ]
 [ 0.12        0.24        0.64      ]
 [ 0.28        0.24        0.48      ]
 [ 0.12        0.44        0.44      ]
 [ 0.04        0.52        0.44      ]
 [ 0.2         0.2         0.6       ]
 [ 0.08        0.56        0.36      ]
 [ 0.4         0.28        0.32      ]
 [ 0.32        0.28        0.4       ]
 [ 0.24        0.32        0.44      ]
 [ 0.4         0.52        0.08      ]
 [ 0.4         0.52        0.08      ]
 [ 0.24        0.32        0.44      ]
 [ 0.16        0.44        0.4       ]
 [ 0.12        0.2         0.68      ]
 [ 0.4         0.08        0.52      ]
 [ 0.36        0.56        0.08      ]
 [ 0.16        0.2         0.64      ]
 [ 0.28        0.24        0.48      ]
 [ 0.33452381  0.50547619  0.16      ]
 [ 0.45985714  0.42014286  0.12      ]
 [ 0.24        0.52        0.24      ]
 [ 0.2         0.64        0.16      ]
 [ 0.36        0.48        0.16      ]
 [ 0.32        0.52        0.16      ]
 [ 0.36        0.56        0.08      ]
 [ 0.36        0.36        0.28      ]
 [ 0.32        0.36        0.32      ]
 [ 0.64        0.16        0.2       ]
 [ 0.08        0.36        0.56      ]]
[2 4 1 2 4 1 4 2 1 2 4 1 4 4 1 1 4 2 4 1 2 1 4 2 2 1 4 4 2 1 1 4 4 4 2 1 2
 4 1 4 2 1 1 4 2 2 1 4 2 1 2 4 1 2 1 4 4 1 2 4 1 2 2 4 1 4 2 2 1 2 4 1 4 2
 1 4 2 4 4 1 1 1 4 4 1 2 1 2 4 2 1 4 2 4 1 1 4 2 2 4]
24.0
Log loss score
146.985513617
