RandomForestClassifier(bootstrap=True, class_weight=None, criterion='gini',
            max_depth=None, max_features='auto', max_leaf_nodes=None,
            min_samples_leaf=1, min_samples_split=2,
            min_weight_fraction_leaf=0.0, n_estimators=25, n_jobs=1,
            oob_score=False, random_state=None, verbose=0,
            warm_start=False)
[[ 0.46        0.3         0.24      ]
 [ 0.38        0.38        0.24      ]
 [ 0.6         0.2         0.2       ]
 [ 0.44        0.2         0.36      ]
 [ 0.44        0.2         0.36      ]
 [ 0.44        0.2         0.36      ]
 [ 0.08        0.2         0.72      ]
 [ 0.08        0.32        0.6       ]
 [ 0.6         0.16        0.24      ]
 [ 0.48        0.28        0.24      ]
 [ 0.2         0.44        0.36      ]
 [ 0.56        0.16        0.28      ]
 [ 0.08        0.56        0.36      ]
 [ 0.28        0.56        0.16      ]
 [ 0.28        0.56        0.16      ]
 [ 0.32        0.32        0.36      ]
 [ 0.2         0.24        0.56      ]
 [ 0.52        0.24        0.24      ]
 [ 0.6         0.16        0.24      ]
 [ 0.72        0.08        0.2       ]
 [ 0.68        0.08        0.24      ]
 [ 0.6         0.24        0.16      ]
 [ 0.24        0.12        0.64      ]
 [ 0.6         0.24        0.16      ]
 [ 0.48        0.28        0.24      ]
 [ 0.48        0.36        0.16      ]
 [ 0.6         0.28        0.12      ]
 [ 0.44        0.28        0.28      ]
 [ 0.48        0.32        0.2       ]
 [ 0.48        0.32        0.2       ]
 [ 0.48        0.4         0.12      ]
 [ 0.6         0.2         0.2       ]
 [ 0.56        0.24        0.2       ]
 [ 0.44        0.52        0.04      ]
 [ 0.36        0.48        0.16      ]
 [ 0.52        0.32        0.16      ]
 [ 0.04        0.36        0.6       ]
 [ 0.32        0.2         0.48      ]
 [ 0.4         0.4         0.2       ]
 [ 0.12        0.44        0.44      ]
 [ 0.24        0.36        0.4       ]
 [ 0.16        0.4         0.44      ]
 [ 0.44        0.44        0.12      ]
 [ 0.12        0.36        0.52      ]
 [ 0.12        0.32        0.56      ]
 [ 0.44        0.32        0.24      ]
 [ 0.48        0.24        0.28      ]
 [ 0.2         0.2         0.6       ]
 [ 0.312       0.28        0.408     ]
 [ 0.46666667  0.37333333  0.16      ]
 [ 0.56        0.08        0.36      ]
 [ 0.24        0.4         0.36      ]
 [ 0.2         0.4         0.4       ]
 [ 0.52        0.28        0.2       ]
 [ 0.52        0.28        0.2       ]
 [ 0.36        0.24        0.4       ]
 [ 0.36        0.36        0.28      ]
 [ 0.72        0.24        0.04      ]
 [ 0.6         0.32        0.08      ]
 [ 0.24        0.28        0.48      ]
 [ 0.464       0.32        0.216     ]
 [ 0.24        0.16        0.6       ]
 [ 0.32        0.24        0.44      ]
 [ 0.36        0.44        0.2       ]
 [ 0.24        0.32        0.44      ]
 [ 0.22        0.34        0.44      ]
 [ 0.22        0.34        0.44      ]
 [ 0.57333333  0.34666667  0.08      ]
 [ 0.44        0.32        0.24      ]
 [ 0.48        0.2         0.32      ]
 [ 0.48        0.36        0.16      ]
 [ 0.2         0.12        0.68      ]
 [ 0.16        0.12        0.72      ]
 [ 0.08        0.28        0.64      ]
 [ 0.24        0.28        0.48      ]
 [ 0.16        0.32        0.52      ]
 [ 0.24        0.36        0.4       ]
 [ 0.4         0.36        0.24      ]
 [ 0.4         0.2         0.4       ]
 [ 0.2         0.2         0.6       ]
 [ 0.4         0.44        0.16      ]
 [ 0.4         0.44        0.16      ]
 [ 0.36        0.32        0.32      ]
 [ 0.2         0.24        0.56      ]
 [ 0.08        0.24        0.68      ]
 [ 0.12        0.2         0.68      ]
 [ 0.52        0.2         0.28      ]
 [ 0.16        0.08        0.76      ]
 [ 0.16        0.12        0.72      ]
 [ 0.48        0.36        0.16      ]
 [ 0.52        0.36        0.12      ]
 [ 0.4         0.36        0.24      ]
 [ 0.08        0.64        0.28      ]
 [ 0.28        0.56        0.16      ]
 [ 0.08        0.64        0.28      ]
 [ 0.28        0.32        0.4       ]
 [ 0.28        0.48        0.24      ]
 [ 0.2         0.64        0.16      ]
 [ 0.24        0.32        0.44      ]
 [ 0.16        0.48        0.36      ]]
[2 4 1 2 4 1 4 2 1 2 4 1 4 4 1 1 4 2 4 1 2 1 4 2 2 1 4 4 2 1 1 4 4 4 2 1 2
 4 1 4 2 1 1 4 2 2 1 4 2 1 2 4 1 2 1 4 4 1 2 4 1 2 2 4 1 4 2 2 1 2 4 1 4 2
 1 4 2 4 4 1 1 1 4 4 1 2 1 2 4 2 1 4 2 4 1 1 4 2 2 4]
23.0
Log loss score
115.037845139
