RandomForestClassifier(bootstrap=True, class_weight=None, criterion='gini',
            max_depth=None, max_features='auto', max_leaf_nodes=None,
            min_samples_leaf=1, min_samples_split=2,
            min_weight_fraction_leaf=0.0, n_estimators=25, n_jobs=1,
            oob_score=False, random_state=None, verbose=0,
            warm_start=False)
[[ 0.36        0.32        0.32      ]
 [ 0.4         0.32        0.28      ]
 [ 0.4         0.4         0.2       ]
 [ 0.32        0.30666667  0.37333333]
 [ 0.28        0.38666667  0.33333333]
 [ 0.36        0.34666667  0.29333333]
 [ 0.12        0.36        0.52      ]
 [ 0.12        0.32        0.56      ]
 [ 0.64        0.24        0.12      ]
 [ 0.44        0.48        0.08      ]
 [ 0.4         0.28        0.32      ]
 [ 0.64        0.32        0.04      ]
 [ 0.12        0.4         0.48      ]
 [ 0.44        0.44        0.12      ]
 [ 0.48        0.36        0.16      ]
 [ 0.36        0.16        0.48      ]
 [ 0.08        0.64        0.28      ]
 [ 0.68        0.08        0.24      ]
 [ 0.35333333  0.44666667  0.2       ]
 [ 0.72        0.16        0.12      ]
 [ 0.3         0.44666667  0.25333333]
 [ 0.44        0.4         0.16      ]
 [ 0.36        0.28        0.36      ]
 [ 0.44        0.4         0.16      ]
 [ 0.56        0.24        0.2       ]
 [ 0.44        0.4         0.16      ]
 [ 0.4         0.4         0.2       ]
 [ 0.5         0.3         0.2       ]
 [ 0.42        0.34        0.24      ]
 [ 0.44        0.24        0.32      ]
 [ 0.44        0.4         0.16      ]
 [ 0.6         0.32        0.08      ]
 [ 0.64        0.24        0.12      ]
 [ 0.36        0.44        0.2       ]
 [ 0.4         0.44        0.16      ]
 [ 0.64        0.32        0.04      ]
 [ 0.04        0.4         0.56      ]
 [ 0.16        0.28        0.56      ]
 [ 0.5         0.42        0.08      ]
 [ 0.144       0.32        0.536     ]
 [ 0.28        0.24        0.48      ]
 [ 0.104       0.2         0.696     ]
 [ 0.68        0.16        0.16      ]
 [ 0.13333333  0.38        0.48666667]
 [ 0.03333333  0.28        0.68666667]
 [ 0.48        0.24        0.28      ]
 [ 0.38        0.38        0.24      ]
 [ 0.28        0.44        0.28      ]
 [ 0.24        0.2         0.56      ]
 [ 0.38        0.38        0.24      ]
 [ 0.28        0.36        0.36      ]
 [ 0.4         0.28        0.32      ]
 [ 0.36        0.28        0.36      ]
 [ 0.54        0.3         0.16      ]
 [ 0.5         0.34        0.16      ]
 [ 0.12        0.32        0.56      ]
 [ 0.28        0.32        0.4       ]
 [ 0.64        0.28        0.08      ]
 [ 0.68        0.24        0.08      ]
 [ 0.26        0.24        0.5       ]
 [ 0.28        0.28        0.44      ]
 [ 0.24        0.32        0.44      ]
 [ 0.46        0.5         0.04      ]
 [ 0.54        0.38        0.08      ]
 [ 0.32        0.28        0.4       ]
 [ 0.04        0.56        0.4       ]
 [ 0.08        0.52        0.4       ]
 [ 0.64        0.12        0.24      ]
 [ 0.56        0.36        0.08      ]
 [ 0.6         0.4         0.        ]
 [ 0.48        0.28        0.24      ]
 [ 0.12        0.16        0.72      ]
 [ 0.16        0.08        0.76      ]
 [ 0.04        0.2         0.76      ]
 [ 0.2         0.24        0.56      ]
 [ 0.12        0.2         0.68      ]
 [ 0.2         0.24        0.56      ]
 [ 0.48        0.48        0.04      ]
 [ 0.56        0.36        0.08      ]
 [ 0.4         0.4         0.2       ]
 [ 0.56        0.36        0.08      ]
 [ 0.56        0.36        0.08      ]
 [ 0.16        0.48        0.36      ]
 [ 0.04        0.16        0.8       ]
 [ 0.04        0.12        0.84      ]
 [ 0.04        0.16        0.8       ]
 [ 0.56        0.16        0.28      ]
 [ 0.16        0.4         0.44      ]
 [ 0.16        0.4         0.44      ]
 [ 0.68        0.2         0.12      ]
 [ 0.64        0.2         0.16      ]
 [ 0.56        0.2         0.24      ]
 [ 0.4         0.4         0.2       ]
 [ 0.48        0.4         0.12      ]
 [ 0.4         0.4         0.2       ]
 [ 0.6         0.28        0.12      ]
 [ 0.4         0.4         0.2       ]
 [ 0.2         0.56        0.24      ]
 [ 0.28        0.16        0.56      ]
 [ 0.          0.56        0.44      ]]
[2 4 1 2 4 1 4 2 1 2 4 1 4 4 1 1 4 2 4 1 2 1 4 2 2 1 4 4 2 1 1 4 4 4 2 1 2
 4 1 4 2 1 1 4 2 2 1 4 2 1 2 4 1 2 1 4 4 1 2 4 1 2 2 4 1 4 2 2 1 2 4 1 4 2
 1 4 2 4 4 1 1 1 4 4 1 2 1 2 4 2 1 4 2 4 1 1 4 2 2 4]
33.0
Log loss score
115.115425225
