RandomForestClassifier(bootstrap=True, class_weight=None, criterion='gini',
            max_depth=None, max_features='auto', max_leaf_nodes=None,
            min_samples_leaf=1, min_samples_split=2,
            min_weight_fraction_leaf=0.0, n_estimators=25, n_jobs=1,
            oob_score=False, random_state=None, verbose=0,
            warm_start=False)
[[ 0.4         0.52        0.08      ]
 [ 0.24        0.52        0.24      ]
 [ 0.56        0.16        0.28      ]
 [ 0.24        0.16        0.6       ]
 [ 0.24        0.24        0.52      ]
 [ 0.12        0.32        0.56      ]
 [ 0.04        0.24        0.72      ]
 [ 0.04        0.2         0.76      ]
 [ 0.48        0.16        0.36      ]
 [ 0.36742857  0.59257143  0.04      ]
 [ 0.2         0.32        0.48      ]
 [ 0.24        0.6         0.16      ]
 [ 0.04        0.36        0.6       ]
 [ 0.6         0.          0.4       ]
 [ 0.12        0.44        0.44      ]
 [ 0.52        0.12        0.36      ]
 [ 0.08        0.52        0.4       ]
 [ 0.44        0.32        0.24      ]
 [ 0.24        0.16        0.6       ]
 [ 0.64        0.28        0.08      ]
 [ 0.32        0.28        0.4       ]
 [ 0.52        0.48        0.        ]
 [ 0.24        0.32        0.44      ]
 [ 0.56        0.44        0.        ]
 [ 0.24        0.32        0.44      ]
 [ 0.44        0.36        0.2       ]
 [ 0.36        0.36        0.28      ]
 [ 0.36        0.28        0.36      ]
 [ 0.39        0.41        0.2       ]
 [ 0.32        0.4         0.28      ]
 [ 0.16        0.4         0.44      ]
 [ 1.          0.          0.        ]
 [ 0.84        0.04        0.12      ]
 [ 0.24        0.44        0.32      ]
 [ 0.26666667  0.53333333  0.2       ]
 [ 0.36        0.12        0.52      ]
 [ 0.08        0.48        0.44      ]
 [ 0.16        0.32        0.52      ]
 [ 0.28        0.48        0.24      ]
 [ 0.08        0.56        0.36      ]
 [ 0.16        0.32        0.52      ]
 [ 0.08        0.6         0.32      ]
 [ 0.44        0.16        0.4       ]
 [ 0.09333333  0.52        0.38666667]
 [ 0.37333333  0.28        0.34666667]
 [ 0.52        0.16        0.32      ]
 [ 0.08        0.92        0.        ]
 [ 0.24        0.16        0.6       ]
 [ 0.52        0.28        0.2       ]
 [ 0.52        0.2         0.28      ]
 [ 0.56        0.28        0.16      ]
 [ 0.56        0.32        0.12      ]
 [ 0.64        0.2         0.16      ]
 [ 0.4         0.45333333  0.14666667]
 [ 0.4         0.45333333  0.14666667]
 [ 0.19        0.36        0.45      ]
 [ 0.16        0.44        0.4       ]
 [ 0.92        0.08        0.        ]
 [ 0.56        0.24        0.2       ]
 [ 0.24        0.4         0.36      ]
 [ 0.16        0.12        0.72      ]
 [ 0.16        0.32        0.52      ]
 [ 0.32        0.4         0.28      ]
 [ 0.32        0.52        0.16      ]
 [ 0.4         0.28        0.32      ]
 [ 0.08        0.76        0.16      ]
 [ 0.18        0.62        0.2       ]
 [ 0.32        0.2         0.48      ]
 [ 0.18        0.58        0.24      ]
 [ 0.24        0.64        0.12      ]
 [ 0.44        0.4         0.16      ]
 [ 0.24        0.16        0.6       ]
 [ 0.28        0.24        0.48      ]
 [ 0.12        0.12        0.76      ]
 [ 0.16        0.36        0.48      ]
 [ 0.16        0.4         0.44      ]
 [ 0.2         0.4         0.4       ]
 [ 0.72        0.04        0.24      ]
 [ 0.6         0.28        0.12      ]
 [ 0.2         0.16        0.64      ]
 [ 0.32        0.68        0.        ]
 [ 0.32        0.68        0.        ]
 [ 0.32        0.12        0.56      ]
 [ 0.04        0.52        0.44      ]
 [ 0.          0.44        0.56      ]
 [ 0.04        0.48        0.48      ]
 [ 0.4         0.24        0.36      ]
 [ 0.32        0.24        0.44      ]
 [ 0.16        0.24        0.6       ]
 [ 0.96        0.          0.04      ]
 [ 0.32        0.36        0.32      ]
 [ 0.56        0.24        0.2       ]
 [ 0.16        0.44        0.4       ]
 [ 0.66        0.12        0.22      ]
 [ 0.4         0.12        0.48      ]
 [ 0.44        0.32        0.24      ]
 [ 0.28        0.48        0.24      ]
 [ 0.04        0.76        0.2       ]
 [ 0.52        0.2         0.28      ]
 [ 0.08        0.52        0.4       ]]
[2 4 1 2 4 1 4 2 1 2 4 1 4 4 1 1 4 2 4 1 2 1 4 2 2 1 4 4 2 1 1 4 4 4 2 1 2
 4 1 4 2 1 1 4 2 2 1 4 2 1 2 4 1 2 1 4 4 1 2 4 1 2 2 4 1 4 2 2 1 2 4 1 4 2
 1 4 2 4 4 1 1 1 4 4 1 2 1 2 4 2 1 4 2 4 1 1 4 2 2 4]
26.0
Log loss score
212.908890944
