RandomForestClassifier(bootstrap=True, class_weight=None, criterion='gini',
            max_depth=None, max_features='auto', max_leaf_nodes=None,
            min_samples_leaf=1, min_samples_split=2,
            min_weight_fraction_leaf=0.0, n_estimators=100, n_jobs=1,
            oob_score=False, random_state=None, verbose=0,
            warm_start=False)
[[ 0.24  0.58  0.    0.18]
 [ 0.2   0.3   0.    0.5 ]
 [ 0.74  0.17  0.01  0.08]
 [ 0.13  0.71  0.    0.16]
 [ 0.04  0.3   0.07  0.59]
 [ 0.65  0.25  0.    0.1 ]
 [ 0.04  0.17  0.    0.79]
 [ 0.12  0.64  0.    0.24]
 [ 0.73  0.19  0.    0.08]
 [ 0.19  0.73  0.    0.08]
 [ 0.06  0.27  0.    0.67]
 [ 0.73  0.23  0.    0.04]
 [ 0.05  0.2   0.    0.75]
 [ 0.1   0.22  0.    0.68]
 [ 0.67  0.27  0.    0.06]
 [ 0.63  0.18  0.    0.19]
 [ 0.07  0.23  0.    0.7 ]
 [ 0.17  0.68  0.02  0.13]
 [ 0.08  0.26  0.02  0.64]
 [ 0.88  0.07  0.    0.05]
 [ 0.17  0.65  0.02  0.16]
 [ 0.73  0.14  0.01  0.12]
 [ 0.1   0.18  0.03  0.69]
 [ 0.23  0.53  0.01  0.23]
 [ 0.22  0.54  0.    0.24]
 [ 0.71  0.21  0.01  0.07]
 [ 0.15  0.36  0.02  0.47]
 [ 0.16  0.26  0.02  0.56]
 [ 0.21  0.65  0.    0.14]
 [ 0.66  0.25  0.01  0.08]
 [ 0.61  0.27  0.01  0.11]
 [ 0.27  0.3   0.03  0.4 ]
 [ 0.16  0.29  0.02  0.53]
 [ 0.1   0.45  0.    0.45]
 [ 0.16  0.76  0.    0.08]
 [ 0.77  0.13  0.    0.1 ]
 [ 0.07  0.64  0.    0.29]
 [ 0.08  0.27  0.    0.65]
 [ 0.74  0.18  0.01  0.07]
 [ 0.08  0.17  0.    0.75]
 [ 0.21  0.52  0.01  0.26]
 [ 0.46  0.31  0.03  0.2 ]
 [ 0.73  0.12  0.01  0.14]
 [ 0.12  0.19  0.02  0.67]
 [ 0.21  0.6   0.02  0.17]
 [ 0.25  0.46  0.    0.29]
 [ 0.17  0.54  0.05  0.24]
 [ 0.77  0.17  0.    0.06]
 [ 0.1   0.2   0.    0.7 ]
 [ 0.21  0.52  0.03  0.24]
 [ 0.77  0.13  0.03  0.07]
 [ 0.25  0.56  0.02  0.17]
 [ 0.14  0.21  0.    0.65]
 [ 0.61  0.2   0.    0.19]
 [ 0.27  0.45  0.07  0.21]
 [ 0.81  0.07  0.04  0.08]
 [ 0.04  0.22  0.    0.74]
 [ 0.17  0.2   0.01  0.62]
 [ 0.81  0.13  0.01  0.05]
 [ 0.25  0.62  0.02  0.11]
 [ 0.07  0.25  0.    0.68]
 [ 0.55  0.28  0.    0.17]
 [ 0.1   0.63  0.02  0.25]
 [ 0.21  0.66  0.02  0.11]
 [ 0.16  0.41  0.02  0.41]
 [ 0.42  0.32  0.01  0.25]
 [ 0.04  0.24  0.    0.72]
 [ 0.13  0.65  0.    0.22]
 [ 0.2   0.67  0.01  0.12]
 [ 0.79  0.19  0.    0.02]
 [ 0.2   0.74  0.    0.06]
 [ 0.11  0.35  0.02  0.52]
 [ 0.5   0.35  0.    0.15]
 [ 0.05  0.11  0.    0.84]
 [ 0.17  0.56  0.02  0.25]
 [ 0.52  0.35  0.    0.13]
 [ 0.05  0.11  0.    0.84]
 [ 0.22  0.61  0.01  0.16]
 [ 0.11  0.38  0.01  0.5 ]
 [ 0.2   0.36  0.01  0.43]
 [ 0.57  0.29  0.    0.14]
 [ 0.58  0.27  0.01  0.14]
 [ 0.58  0.27  0.01  0.14]
 [ 0.13  0.31  0.01  0.55]
 [ 0.08  0.22  0.01  0.69]
 [ 0.4   0.34  0.    0.26]
 [ 0.22  0.44  0.01  0.33]
 [ 0.74  0.17  0.    0.09]
 [ 0.17  0.55  0.    0.28]
 [ 0.08  0.16  0.    0.76]
 [ 0.22  0.6   0.03  0.15]
 [ 0.85  0.09  0.01  0.05]
 [ 0.14  0.28  0.01  0.57]
 [ 0.19  0.65  0.    0.16]
 [ 0.14  0.17  0.01  0.68]
 [ 0.63  0.22  0.    0.15]
 [ 0.66  0.26  0.    0.08]
 [ 0.14  0.32  0.02  0.52]
 [ 0.2   0.64  0.    0.16]
 [ 0.33  0.39  0.    0.28]]
[2 4 1 2 4 1 4 2 1 2 4 1 4 4 1 1 4 2 4 1 2 1 4 2 2 1 4 4 2 1 1 4 4 4 2 1 2
 4 1 4 2 1 1 4 2 2 3 1 4 2 1 2 4 1 2 1 4 4 1 2 4 1 2 2 4 1 4 2 2 1 2 4 1 4
 2 1 4 2 4 4 1 1 1 4 4 1 2 1 2 4 2 1 4 2 4 1 1 4 2 2]
97.0
Log loss score
50.1798748936
